0
8
-28
2.1
8.1
-27.9
2.2
8.2
-27.8
2.3
8.3
-27.7
2.4
8.4
-27.6
2.5
8.5
-27.5
2.6
8.6
-27.4
2.7
8.7
-27.3
2.8
8.8
-27.2
2.9
8.9
-27.1
3
9
-27
3.1
9.1
-26.9
3.2
9.2
-26.8
3.3
9.3
-26.7
3.4
9.4
-26.6
3.5
9.5
-26.5
3.6
9.6
-26.4
3.7
9.7
-26.3
3.8
9.8
-26.2
3.9
9.9
-26.1
4
10
-26
4.1
10.1
-25.9
4.2
10.2
-25.8
4.3
10.3
-25.7
4.4
10.4
-25.6
4.5
10.5
-25.5
4.6
10.6
-25.4
4.7
10.7
-25.3
4.8
10.8
-25.2
4.9
10.9
-25.1
5
11
-25
5.1
11.1
-24.9
5.2
11.2
-24.8
5.3
11.3
-24.7
5.4
11.4
-24.6
5.5
11.5
-24.5
5.6
11.6
-24.4
5.7
11.7
-24.3
5.8
11.8
-24.2
5.9
11.9
-24.1
6
12
-24
6.1
12.1
-23.9
6.2
12.2
-23.8
6.3
12.3
-23.7
6.4
12.4
-23.6
6.5
12.5
-23.5
6.6
12.6
-23.4
6.7
12.7
-23.3
6.8
12.8
-23.2
6.9
12.9
-23.1
7
13
-23
7.1
13.1
-22.9
7.2
13.2
-22.8
7.3
13.3
-22.7
7.4
13.4
-22.6
7.5
13.5
-22.5
7.6
13.6
-22.4
7.7
13.7
-22.3
7.8
13.8
-22.2
7.9
13.9
-22.1
8
14
-22
8.1
14.1
-21.9
8.2
14.2
-21.8
8.3
14.3
-21.7
8.4
14.4
-21.6
8.5
14.5
-21.5
8.6
14.6
-21.4
8.7
14.7
-21.3
8.8
14.8
-21.2
8.9
14.9
-21.1
9
15
-21
9.1
15.1
-20.9
9.2
15.2
-20.8
9.3
15.3
-20.7
9.4
15.4
-20.6
9.5
15.5
-20.5
9.6
15.6
-20.4
9.7
15.7
-20.3
9.8
15.8
-20.2
9.9
15.9
-20.1
10
16
-20
10.1
16.1
-19.9
10.2
16.2
-19.8
10.3
16.3
-19.7
10.4
16.4
-19.6
10.5
16.5
-19.5
10.6
16.6
-19.4
10.7
16.7
-19.3
10.8
16.8
-19.2
10.9
16.9
-19.1
11
17
-19
11.1
17.1
-18.9
11.2
17.2
-18.8
11.3
17.3
-18.7
11.4
17.4
-18.6
11.5
17.5
-18.5
11.6
17.6
-18.4
11.7
17.7
-18.3
11.8
17.8
-18.2
11.9
17.9
-18.1
12
18
-18
12.1
18.1
-17.9
12.2
18.2
-17.8
12.3
18.3
-17.7
12.4
18.4
-17.6
12.5
18.5
-17.5
12.6
18.6
-17.4
12.7
18.7
-17.3
12.8
18.8
-17.2
12.9
18.9
-17.1
13
19
-17
13.1
19.1
-16.9
13.2
19.2
-16.8
13.3
19.3
-16.7
13.4
19.4
-16.6
13.5
19.5
-16.5
13.6
19.6
-16.4
13.7
19.7
-16.3
13.8
19.8
-16.2
13.9
19.9
-16.1
14
20
-16
14.1
20.1
-15.9
14.2
20.2
-15.8
14.3
20.3
-15.7
14.4
20.4
-15.6
14.5
20.5
-15.5
14.6
20.6
-15.4
14.7
20.7
-15.3
14.8
20.8
-15.2
14.9
20.9
-15.1
15
21
-15
15.1
21.1
-14.9
15.2
21.2
-14.8
15.3
21.3
-14.7
15.4
21.4
-14.6
15.5
21.5
-14.5
15.6
21.6
-14.4
15.7
21.7
-14.3
15.8
21.8
-14.2
15.9
21.9
-14.1
16
22
-14
16.1
22.1
-13.9
16.2
22.2
-13.8
16.3
22.3
-13.7
16.4
22.4
-13.6
16.5
22.5
-13.5
16.6
22.6
-13.4
16.7
22.7
-13.3
16.8
22.8
-13.2
16.9
22.9
-13.1
17
23
-13
17.1
23.1
-12.9
17.2
23.2
-12.8
17.3
23.3
-12.7
17.4
23.4
-12.6
17.5
23.5
-12.5
17.6
23.6
-12.4
17.7
23.7
-12.3
17.8
23.8
-12.2
17.9
23.9
-12.1
18
24
-12
18.1
24.1
-11.9
18.2
24.2
-11.8
18.3
24.3
-11.7
18.4
24.4
-11.6
18.5
24.5
-11.5
18.6
24.6
-11.4
18.7
24.7
-11.3
18.8
24.8
-11.2
18.9
24.9
-11.1
19
25
-11
19.1
25.1
-10.9
19.2
25.2
-10.8
19.3
25.3
-10.7
19.4
25.4
-10.6
19.5
25.5
-10.5
19.6
25.6
-10.4
19.7
25.7
-10.3
19.8
25.8
-10.2
19.9
25.9
-10.1
20
26
-10
20.1
26.1
-9.9
20.2
26.2
-9.8
20.3
26.3
-9.7
20.4
26.4
-9.6
20.5
26.5
-9.5
20.6
26.6
-9.4
20.7
26.7
-9.3
20.8
26.8
-9.2
20.9
26.9
-9.1
21
27
-9
21.1
27.1
-8.9
21.2
27.2
-8.8
21.3
27.3
-8.7
21.4
27.4
-8.6
21.5
27.5
-8.5
21.6
27.6
-8.4
21.7
27.7
-8.3
21.8
27.8
-8.2
21.9
27.9
-8.1
22
28
-8
22.1
28.1
-7.9
22.2
28.2
-7.8
22.3
28.3
-7.7
22.4
28.4
-7.6
22.5
28.5
-7.5
22.6
28.6
-7.4
22.7
28.7
-7.3
22.8
28.8
-7.2
22.9
28.9
-7.1
23
29
-7
23.1
29.1
-6.9
23.2
29.2
-6.8
23.3
29.3
-6.7
23.4
29.4
-6.6
23.5
29.5
-6.5
23.6
29.6
-6.4
23.7
29.7
-6.3
23.8
29.8
-6.2
23.9
29.9
-6.1
24
30
-6
24.1
30.1
-5.9
24.2
30.2
-5.8
24.3
30.3
-5.7
24.4
30.4
-5.6
24.5
30.5
-5.5
24.6
30.6
-5.4
24.7
30.7
-5.3
24.8
30.8
-5.2
24.9
30.9
-5.1
25
31
-5
25.1
31.1
-4.9
25.2
31.2
-4.8
25.3
31.3
-4.7
25.4
31.4
-4.6
25.5
31.5
-4.5
25.6
31.6
-4.4
25.7
31.7
-4.3
25.8
31.8
-4.2
25.9
31.9
-4.1
26
32
-4
26.1
32.1
-3.9
26.2
32.2
-3.8
26.3
32.3
-3.7
26.4
32.4
-3.6
26.5
32.5
-3.5
26.6
32.6
-3.4
26.7
32.7
-3.3
26.8
32.8
-3.2
26.9
32.9
-3.1
27
33
-3
27.1
33.1
-2.9
27.2
33.2
-2.8
27.3
33.3
-2.7
27.4
33.4
-2.6
27.5
33.5
-2.5
27.6
33.6
-2.4
27.7
33.7
-2.3
27.8
33.8
-2.2
27.9
33.9
-2.1
28
34
-2
28.1
34.1
-1.9
28.2
34.2
-1.8
28.3
34.3
-1.7
28.4
34.4
-1.6
28.5
34.5
-1.5
28.6
34.6
-1.4
28.7
34.7
-1.3
28.8
34.8
-1.2
28.9
34.9
-1.1
29
35
-1
29.1
35.1
-0.9
29.2
35.2
-0.799999
29.3
35.3
-0.699999
29.4
35.4
-0.6
29.5
35.5
-0.5
29.6
35.6
-0.4
29.7
35.7
-0.299999
29.8
35.8
-0.199999
29.9
35.9
-0.1
30
36
0
30.1
36.1
0.1
30.2
36.2
0.200001
30.3
36.3
0.300001
30.4
36.4
0.4
30.5
36.5
0.5
30.6
36.6
0.6
30.7
36.7
0.700001
30.8
36.8
0.800001
30.9
36.9
0.9
31
37
1
31.1
37.1
1.1
31.2
37.2
1.2
31.3
37.3
1.3
31.4
37.4
1.4
31.5
37.5
1.5
31.6
37.6
1.6
31.7
37.7
1.7
31.8
37.8
1.8
31.9
37.9
1.9
32
38
2
32.1
38.1
2.1
32.2
38.2
2.2
32.3
38.3
2.3
32.4
38.4
2.4
32.5
38.5
2.5
32.6
38.6
2.6
32.7
38.7
2.7
32.8
38.8
2.8
32.9
38.9
2.9
33
39
3
33.1
39.1
3.1
33.2
39.2
3.2
33.3
39.3
3.3
33.4
39.4
3.4
33.5
39.5
3.5
33.6
39.6
3.6
33.7
39.7
3.7
33.8
39.8
3.8
33.9
39.9
3.9
34
40
4
34.1
40.1
4.1
34.2
40.2
4.2
34.3
40.3
4.3
34.4
40.4
4.4
34.5
40.5
4.5
34.6
40.6
4.6
34.7
40.7
4.7
34.8
40.8
4.8
34.9
40.9
4.9
35
41
5
35.1
41.1
5.1
35.2
41.2
5.2
35.3
41.3
5.3
35.4
41.4
5.4
35.5
41.5
5.5
35.6
41.6
5.6
35.7
41.7
5.7
35.8
41.8
5.8
35.9
41.9
5.9
36
42
6
36.1
42.1
6.1
36.2
42.2
6.2
36.3
42.3
6.3
36.4
42.4
6.4
36.5
42.5
6.5
36.6
42.6
6.6
36.7
42.7
6.7
36.8
42.8
6.8
36.9
42.9
6.9
37
43
7
37.1
43.1
7.1
37.2
43.2
7.2
37.3
43.3
7.3
37.4
43.4
7.4
37.5
43.5
7.5
37.6
43.6
7.6
37.7
43.7
7.7
37.8
43.8
7.8
37.9
43.9
7.9
38
44
8
38.1
44.1
8.1
38.2
44.2
8.2
38.3
44.3
8.3
38.4
44.4
8.4
38.5
44.5
8.5
38.6
44.6
8.6
38.7
44.7
8.7
38.8
44.8
8.8
38.9
44.9
8.9
39
45
9
39.1
45.1
9.1
39.2
45.2
9.2
39.3
45.3
9.3
39.4
45.4
9.4
39.5
45.5
9.5
39.6
45.6
9.6
39.7
45.7
9.7
39.8
45.8
9.8
39.9
45.9
9.9
40
46
10
40.1
46.1
10.1
40.2
46.2
10.2
40.3
46.3
10.3
40.4
46.4
10.4
40.5
46.5
10.5
40.6
46.6
10.6
40.7
46.7
10.7
40.8
46.8
10.8
40.9
46.9
10.9
41
47
11
41.1
47.1
11.1
41.2
47.2
11.2
41.3
47.3
11.3
41.4
47.4
11.4
41.5
47.5
11.5
41.6
47.6
11.6
41.7
47.7
11.7
41.8
47.8
11.8
41.9
47.9
11.9
42
48
12
42.1
48.1
12.1
42.2
48.2
12.2
42.3
48.3
12.3
42.4
48.4
12.4
42.5
48.5
12.5
42.6
48.6
12.6
42.7
48.7
12.7
42.8
48.8
12.8
42.9
48.9
12.9
43
49
13
43.1
49.1
13.1
43.2
49.2
13.2
43.3
49.3
13.3
43.4
49.4
13.4
43.5
49.5
13.5
43.6
49.6
13.6
43.7
49.7
13.7
43.8
49.8
13.8
43.9
49.9
13.9
44
50
14
44.1
50.1
14.1
44.2
50.2
14.2
44.3
50.3
14.3
44.4
50.4
14.4
44.5
50.5
14.5
44.6
50.6
14.6
44.7
50.7
14.7
44.8
50.8
14.8
44.9
50.9
14.9
45
51
15
45.1
51.1
15.1
45.2
51.2
15.2
45.3
51.3
15.3
45.4
51.4
15.4
45.5
51.5
15.5
45.6
51.6
15.6
45.7
51.7
15.7
45.8
51.8
15.8
45.9
51.9
15.9
46
52
16
46.1
52.1
16.1
46.2
52.2
16.2
46.3
52.3
16.3
46.4
52.4
16.4
46.5
52.5
16.5
46.6
52.6
16.6
46.7
52.7
16.7
46.8
52.8
16.8
46.9
52.9
16.9
47
53
17
47.1
53.1
17.1
47.2
53.2
17.2
47.3
53.3
17.3
47.4
53.4
17.4
47.5
53.5
17.5
47.6
53.6
17.6
47.7
53.7
17.7
47.8
53.8
17.8
47.9
53.9
17.9
48
54
18
48.1
54.1
18.1
48.2
54.2
18.2
48.3
54.3
18.3
48.4
54.4
18.4
48.5
54.5
18.5
48.6
54.6
18.6
48.7
54.7
18.7
48.8
54.8
18.8
48.9
54.9
18.9
49
55
19
49.1
55.1
19.1
49.2
55.2
19.2
49.3
55.3
19.3
49.4
55.4
19.4
49.5
55.5
19.5
49.6
55.6
19.6
49.7
55.7
19.7
49.8
55.8
19.8
49.9
55.9
19.9
50
56
20
50.1
56.1
20.1
50.2
56.2
20.2
50.3
56.3
20.3
50.4
56.4
20.4
50.5
56.5
20.5
50.6
56.6
20.6
50.7
56.7
20.7
50.8
56.8
20.8
50.9
56.9
20.9
51
57
21
51.1
57.1
21.1
51.2
57.2
21.2
51.3
57.3
21.3
51.4
57.4
21.4
51.5
57.5
21.5
51.6
57.6
21.6
51.7
57.7
21.7
51.8
57.8
21.8
51.9
57.9
21.9
52
58
22
52.1
58.1
22.1
52.2
58.2
22.2
52.3
58.3
22.3
52.4
58.4
22.4
52.5
58.5
22.5
52.6
58.6
22.6
52.7
58.7
22.7
52.8
58.8
22.8
52.9
58.9
22.9
53
59
23
53.1
59.1
23.1
53.2
59.2
23.2
53.3
59.3
23.3
53.4
59.4
23.4
53.5
59.5
23.5
53.6
59.6
23.6
53.7
59.7
23.7
53.8
59.8
23.8
53.9
59.9
23.9
54
60
24
54.1
60.1
24.1
54.2
60.2
24.2
54.3
60.3
24.3
54.4
60.4
24.4
54.5
60.5
24.5
54.6
60.6
24.6
54.7
60.7
24.7
54.8
60.8
24.8
54.9
60.9
24.9
55
61
25
55.1
61.1
25.1
55.2
61.2
25.2
55.3
61.3
25.3
55.4
61.4
25.4
55.5
61.5
25.5
55.6
61.6
25.6
55.7
61.7
25.7
55.8
61.8
25.8
55.9
61.9
25.9
56
62
26
56.1
62.1
26.1
56.2
62.2
26.2
56.3
62.3
26.3
56.4
62.4
26.4
56.5
62.5
26.5
56.6
62.6
26.6
56.7
62.7
26.7
56.8
62.8
26.8
56.9
62.9
26.9
57
63
27
57.1
63.1
27.1
57.2
63.2
27.2
57.3
63.3
27.3
57.4
63.4
27.4
57.5
63.5
27.5
57.6
63.6
27.6
57.7
63.7
27.7
57.8
63.8
27.8
57.9
63.9
27.9
58
64
28
58.1
64.1
28.1
58.2
64.2
28.2
58.3
64.3
28.3
58.4
64.4
28.4
58.5
64.5
28.5
58.6
64.6
28.6
58.7
64.7
28.7
58.8
64.8
28.8
58.9
64.9
28.9
59
65
29
59.1
65.1
29.1
59.2
65.2
29.2
59.3
65.3
29.3
59.4
65.4
29.4
59.5
65.5
29.5
59.6
65.6
29.6
59.7
65.7
29.7
59.8
65.8
29.8
59.9
65.9
29.9
60
66
30
60.1
66.1
30.1
60.2
66.2
30.2
60.3
66.3
30.3
60.4
66.4
30.4
60.5
66.5
30.5
60.6
66.6
30.6
60.7
66.7
30.7
60.8
66.8
30.8
60.9
66.9
30.9
61
67
31
61.1
67.1
31.1
61.2
67.2
31.2
61.3
67.3
31.3
61.4
67.4
31.4
61.5
67.5
31.5
61.6
67.6
31.6
61.7
67.7
31.7
61.8
67.8
31.8
61.9
67.9
31.9
62
68
32
62.1
68.1
32.1
62.2
68.2
32.2
62.3
68.3
32.3
62.4
68.4
32.4
62.5
68.5
32.5
62.6
68.6
32.6
62.7
68.7
32.7
62.8
68.8
32.8
62.9
68.9
32.9
63
69
33
63.1
69.1
33.1
63.2
69.2
33.2
63.3
69.3
33.3
63.4
69.4
33.4
63.5
69.5
33.5
63.6
69.6
33.6
63.7
69.7
33.7
63.8
69.8
33.8
63.9
69.9
33.9
64
70
34
64.1
70.1
34.1
64.2
70.2
34.2
64.3
70.3
34.3
64.4
70.4
34.4
64.5
70.5
34.5
64.6
70.6
34.6
64.7
70.7
34.7
64.8
70.8
34.8
64.9
70.9
34.9
65
71
35
65.1
71.1
35.1
65.2
71.2
35.2
65.3
71.3
35.3
65.4
71.4
35.4
65.5
71.5
35.5
65.6
71.6
35.6
65.7
71.7
35.7
65.8
71.8
35.8
65.9
71.9
35.9
66
72
36
66.1
72.1
36.1
66.2
72.2
36.2
66.3
72.3
36.3
66.4
72.4
36.4
66.5
72.5
36.5
66.6
72.6
36.6
66.7
72.7
36.7
66.8
72.8
36.8
66.9
72.9
36.9
67
73
37
67.1
73.1
37.1
67.2
73.2
37.2
67.3
73.3
37.3
67.4
73.4
37.4
67.5
73.5
37.5
67.6
73.6
37.6
67.7
73.7
37.7
67.8
73.8
37.8
67.9
73.9
37.9
68
74
38
68.1
74.1
38.1
68.2
74.2
38.2
68.3
74.3
38.3
68.4
74.4
38.4
68.5
74.5
38.5
68.6
74.6
38.6
68.7
74.7
38.7
68.8
74.8
38.8
68.9
74.9
38.9
69
75
39
69.1
75.1
39.1
69.2
75.2
39.2
69.3
75.3
39.3
69.4
75.4
39.4
69.5
75.5
39.5
69.6
75.6
39.6
69.7
75.7
39.7
69.8
75.8
39.8
69.9
75.9
39.9
70
76
40
70.1
76.1
40.1
70.2
76.2
40.2
70.3
76.3
40.3
70.4
76.4
40.4
70.5
76.5
40.5
70.6
76.6
40.6
70.7
76.7
40.7
70.8
76.8
40.8
70.9
76.9
40.9
71
77
41
71.1
77.1
41.1
71.2
77.2
41.2
71.3
77.3
41.3
71.4
77.4
41.4
71.5
77.5
41.5
71.6
77.6
41.6
71.7
77.7
41.7
71.8
77.8
41.8
71.9
77.9
41.9
72
78
42
72.1
78.1
42.1
72.2
78.2
42.2
72.3
78.3
42.3
72.4
78.4
42.4
72.5
78.5
42.5
72.6
78.6
42.6
72.7
78.7
42.7
72.8
78.8
42.8
72.9
78.9
42.9
73
79
43
73.1
79.1
43.1
73.2
79.2
43.2
73.3
79.3
43.3
73.4
79.4
43.4
73.5
79.5
43.5
73.6
79.6
43.6
73.7
79.7
43.7
73.8
79.8
43.8
73.9
79.9
43.9
74
80
44
74.1
80.1
44.1
74.2
80.2
44.2
74.3
80.3
44.3
74.4
80.4
44.4
74.5
80.5
44.5
74.6
80.6
44.6
74.7
80.7
44.7
74.8
80.8
44.8
74.9
80.9
44.9
75
81
45
75.1
81.1
45.1
75.2
81.2
45.2
75.3
81.3
45.3
75.4
81.4
45.4
75.5
81.5
45.5
75.6
81.6
45.6
75.7
81.7
45.7
75.8
81.8
45.8
75.9
81.9
45.9
76
82
46
76.1
82.1
46.1
76.2
82.2
46.2
76.3
82.3
46.3
76.4
82.4
46.4
76.5
82.5
46.5
76.6
82.6
46.6
76.7
82.7
46.7
76.8
82.8
46.8
76.9
82.9
46.9
77
83
47
77.1
83.1
47.1
77.2
83.2
47.2
77.3
83.3
47.3
77.4
83.4
47.4
77.5
83.5
47.5
77.6
83.6
47.6
77.7
83.7
47.7
77.8
83.8
47.8
77.9
83.9
47.9
78
84
48
78.1
84.1
48.1
78.2
84.2
48.2
78.3
84.3
48.3
78.4
84.4
48.4
78.5
84.5
48.5
78.6
84.6
48.6
78.7
84.7
48.7
78.8
84.8
48.8
78.9
84.9
48.9
79
85
49
79.1
85.1
49.1
79.2
85.2
49.2
79.3
85.3
49.3
79.4
85.4
49.4
79.5
85.5
49.5
79.6
85.6
49.6
79.7
85.7
49.7
79.8
85.8
49.8
79.9
85.9
49.9
80
86
50
80.1
86.1
50.1
80.2
86.2
50.2
80.3
86.3
50.3
80.4
86.4
50.4
80.5
86.5
50.5
80.6
86.6
50.6
80.7
86.7
50.7
80.8
86.8
50.8
80.9
86.9
50.9
81
87
51
81.1
87.1
51.1
81.2
87.2
51.2
81.3
87.3
51.3
81.4
87.4
51.4
81.5
87.5
51.5
81.6
87.6
51.6
81.7
87.7
51.7
81.8
87.8
51.8
81.9
87.9
51.9
82
88
52
82.1
88.1
52.1
82.2
88.2
52.2
82.3
88.3
52.3
82.4
88.4
52.4
82.5
88.5
52.5
82.6
88.6
52.6
82.7
88.7
52.7
82.8
88.8
52.8
82.9
88.9
52.9
83
89
53
83.1
89.1
53.1
83.2
89.2
53.2
83.3
89.3
53.3
83.4
89.4
53.4
83.5
89.5
53.5
83.6
89.6
53.6
83.7
89.7
53.7
83.8
89.8
53.8
83.9
89.9
53.9
84
90
54
84.1
90.1
54.1
84.2
90.2
54.2
84.3
90.3
54.3
84.4
90.4
54.4
84.5
90.5
54.5
84.6
90.6
54.6
84.7
90.7
54.7
84.8
90.8
54.8
84.9
90.9
54.9
85
91
55
85.1
91.1
55.1
85.2
91.2
55.2
85.3
91.3
55.3
85.4
91.4
55.4
85.5
91.5
55.5
85.6
91.6
55.6
85.7
91.7
55.7
85.8
91.8
55.8
85.9
91.9
55.9
86
92
56
86.1
92.1
56.1
86.2
92.2
56.2
86.3
92.3
56.3
86.4
92.4
56.4
86.5
92.5
56.5
86.6
92.6
56.6
86.7
92.7
56.7
86.8
92.8
56.8
86.9
92.9
56.9
87
93
57
87.1
93.1
57.1
87.2
93.2
57.2
87.3
93.3
57.3
87.4
93.4
57.4
87.5
93.5
57.5
87.6
93.6
57.6
87.7
93.7
57.7
87.8
93.8
57.8
87.9
93.9
57.9
88
94
58
88.1
94.1
58.1
88.2
94.2
58.2
88.3
94.3
58.3
88.4
94.4
58.4
88.5
94.5
58.5
88.6
94.6
58.6
88.7
94.7
58.7
88.8
94.8
58.8
88.9
94.9
58.9
89
95
59
89.1
95.1
59.1
89.2
95.2
59.2
89.3
95.3
59.3
89.4
95.4
59.4
89.5
95.5
59.5
89.6
95.6
59.6
89.7
95.7
59.7
89.8
95.8
59.8
89.9
95.9
59.9
90
96
60
90.1
96.1
60.1
90.2
96.2
60.2
90.3
96.3
60.3
90.4
96.4
60.4
90.5
96.5
60.5
90.6
96.6
60.6
90.7
96.7
60.7
90.8
96.8
60.8
90.9
96.9
60.9
91
97
61
91.1
97.1
61.1
91.2
97.2
61.2
91.3
97.3
61.3
91.4
97.4
61.4
91.5
97.5
61.5
91.6
97.6
61.6
91.7
97.7
61.7
91.8
97.8
61.8
91.9
97.9
61.9
92
98
62
92.1
98.1
62.1
92.2
98.2
62.2
92.3
98.3
62.3
92.4
98.4
62.4
92.5
98.5
62.5
92.6
98.6
62.6
92.7
98.7
62.7
92.8
98.8
62.8
92.9
98.9
62.9
93
99
63
93.1
99.1
63.1
93.2
99.2
63.2
93.3
99.3
63.3
93.4
99.4
63.4
93.5
99.5
63.5
93.6
99.6
63.6
93.7
99.7
63.7
93.8
99.8
63.8
93.9
99.9
63.9
94
100
64
94.1
100.1
64.1
94.2
100.2
64.2
94.3
100.3
64.3
94.4
100.4
64.4
94.5
100.5
64.5
94.6
100.6
64.6
94.7
100.7
64.7
94.8
100.8
64.8
94.9
100.9
64.9
95
101
65
95.1
101.1
65.1
95.2
101.2
65.2
95.3
101.3
65.3
95.4
101.4
65.4
95.5
101.5
65.5
95.6
101.6
65.6
95.7
101.7
65.7
95.8
101.8
65.8
95.9
101.9
65.9
96
102
66
96.1
102.1
66.1
96.2
102.2
66.2
96.3
102.3
66.3
96.4
102.4
66.4
96.5
102.5
66.5
96.6
102.6
66.6
96.7
102.7
66.7
96.8
102.8
66.8
96.9
102.9
66.9
97
103
67
97.1
103.1
67.1
97.2
103.2
67.2
97.3
103.3
67.3
97.4
103.4
67.4
97.5
103.5
67.5
97.6
103.6
67.6
97.7
103.7
67.7
97.8
103.8
67.8
97.9
103.9
67.9
98
104
68
98.1
104.1
68.1
98.2
104.2
68.2
98.3
104.3
68.3
98.4
104.4
68.4
98.5
104.5
68.5
98.6
104.6
68.6
98.7
104.7
68.7
98.8
104.8
68.8
98.9
104.9
68.9
99
105
69
99.1
105.1
69.1
99.2
105.2
69.2
99.3
105.3
69.3
99.4
105.4
69.4
99.5
105.5
69.5
99.6
105.6
69.6
99.7
105.7
69.7
99.8
105.8
69.8
99.9
105.9
69.9
100
106
70
100.1
106.1
70.1
100.2
106.2
70.2
100.3
106.3
70.3
100.4
106.4
70.4
100.5
106.5
70.5
100.6
106.6
70.6
100.7
106.7
70.7
100.8
106.8
70.8
100.9
106.9
70.9
101
107
71
101.1
107.1
71.1
101.2
107.2
71.2
101.3
107.3
71.3
101.4
107.4
71.4
101.5
107.5
71.5
101.6
107.6
71.6
101.7
107.7
71.7
101.8
107.8
71.8
101.9
107.9
71.9
102
108
72
102.1
108.1
72.1
102.2
108.2
72.2
102.3
108.3
72.3
102.4
108.4
72.4
102.5
108.5
72.5
102.6
108.6
72.6
102.7
108.7
72.7
102.8
108.8
72.8
102.9
108.9
72.9
103
109
73
103.1
109.1
73.1
103.2
109.2
73.2
103.3
109.3
73.3
103.4
109.4
73.4
103.5
109.5
73.5
103.6
109.6
73.6
103.7
109.7
73.7
103.8
109.8
73.8
103.9
109.9
73.9
104
110
74
104.1
110.1
74.1
104.2
110.2
74.2
104.3
110.3
74.3
104.4
110.4
74.4
104.5
110.5
74.5
104.6
110.6
74.6
104.7
110.7
74.7
104.8
110.8
74.8
104.9
110.9
74.9
105
111
75
105.1
111.1
75.1
105.2
111.2
75.2
105.3
111.3
75.3
105.4
111.4
75.4
105.5
111.5
75.5
105.6
111.6
75.6
105.7
111.7
75.7
105.8
111.8
75.8
105.9
111.9
75.9
106
112
76
106.1
112.1
76.1
106.2
112.2
76.2
106.3
112.3
76.3
106.4
112.4
76.4
106.5
112.5
76.5
106.6
112.6
76.6
106.7
112.7
76.7
106.8
112.8
76.8
106.9
112.9
76.9
107
113
77
107.1
113.1
77.1
107.2
113.2
77.2
107.3
113.3
77.3
107.4
113.4
77.4
107.5
113.5
77.5
107.6
113.6
77.6
107.7
113.7
77.7
107.8
113.8
77.8
107.9
113.9
77.9
108
114
78
108.1
114.1
78.1
108.2
114.2
78.2
108.3
114.3
78.3
108.4
114.4
78.4
108.5
114.5
78.5
108.6
114.6
78.6
108.7
114.7
78.7
108.8
114.8
78.8
108.9
114.9
78.9
109
115
79
109.1
115.1
79.1
109.2
115.2
79.2
109.3
115.3
79.3
109.4
115.4
79.4
109.5
115.5
79.5
109.6
115.6
79.6
109.7
115.7
79.7
109.8
115.8
79.8
109.9
115.9
79.9
110
116
80
110.1
116.1
80.1
110.2
116.2
80.2
110.3
116.3
80.3
110.4
116.4
80.4
110.5
116.5
80.5
110.6
116.6
80.6
110.7
116.7
80.7
110.8
116.8
80.8
110.9
116.9
80.9
111
117
81
111.1
117.1
81.1
111.2
117.2
81.2
111.3
117.3
81.3
111.4
117.4
81.4
111.5
117.5
81.5
111.6
117.6
81.6
111.7
117.7
81.7
111.8
117.8
81.8
111.9
117.9
81.9
112
118
82
112.1
118.1
82.1
112.2
118.2
82.2
112.3
118.3
82.3
112.4
118.4
82.4
112.5
118.5
82.5
112.6
118.6
82.6
112.7
118.7
82.7
112.8
118.8
82.8
112.9
118.9
82.9
113
119
83
113.1
119.1
83.1
113.2
119.2
83.2
113.3
119.3
83.3
113.4
119.4
83.4
113.5
119.5
83.5
113.6
119.6
83.6
113.7
119.7
83.7
113.8
119.8
83.8
113.9
119.9
83.9
114
120
84
114.1
120.1
84.1
114.2
120.2
84.2
114.3
120.3
84.3
114.4
120.4
84.4
114.5
120.5
84.5
114.6
120.6
84.6
114.7
120.7
84.7
114.8
120.8
84.8
114.9
120.9
84.9
115
121
85
115.1
121.1
85.1
115.2
121.2
85.2
115.3
121.3
85.3
115.4
121.4
85.4
115.5
121.5
85.5
115.6
121.6
85.6
115.7
121.7
85.7
115.8
121.8
85.8
115.9
121.9
85.9
116
122
86
116.1
122.1
86.1
116.2
122.2
86.2
116.3
122.3
86.3
116.4
122.4
86.4
116.5
122.5
86.5
116.6
122.6
86.6
116.7
122.7
86.7
116.8
122.8
86.8
116.9
122.9
86.9
117
123
87
117.1
123.1
87.1
117.2
123.2
87.2
117.3
123.3
87.3
117.4
123.4
87.4
117.5
123.5
87.5
117.6
123.6
87.6
117.7
123.7
87.7
117.8
123.8
87.8
117.9
123.9
87.9
118
124
88
118.1
124.1
88.1
118.2
124.2
88.2
118.3
124.3
88.3
118.4
124.4
88.4
118.5
124.5
88.5
118.6
124.6
88.6
118.7
124.7
88.7
118.8
124.8
88.8
118.9
124.9
88.9
119
125
89
119.1
125.1
89.1
119.2
125.2
89.2
119.3
125.3
89.3
119.4
125.4
89.4
119.5
125.5
89.5
119.6
125.6
89.6
119.7
125.7
89.7
119.8
125.8
89.8
119.9
125.9
89.9
120
126
90
120.1
126.1
90.1
120.2
126.2
90.2
120.3
126.3
90.3
120.4
126.4
90.4
120.5
126.5
90.5
120.6
126.6
90.6
120.7
126.7
90.7
120.8
126.8
90.8
120.9
126.9
90.9
121
127
91
121.1
127.1
91.1
121.2
127.2
91.2
121.3
127.3
91.3
121.4
127.4
91.4
121.5
127.5
91.5
121.6
127.6
91.6
121.7
127.7
91.7
121.8
127.8
91.8
121.9
127.9
91.9
122
128
92
122.1
128.1
92.1
122.2
128.2
92.2
122.3
128.3
92.3
122.4
128.4
92.4
122.5
128.5
92.5
122.6
128.6
92.6
122.7
128.7
92.7
122.8
128.8
92.8
122.9
128.9
92.9
123
129
93
123.1
129.1
93.1
123.2
129.2
93.2
123.3
129.3
93.3
123.4
129.4
93.4
123.5
129.5
93.5
123.6
129.6
93.6
123.7
129.7
93.7
123.8
129.8
93.8
123.9
129.9
93.9
124
130
94
124.1
130.1
94.1
124.2
130.2
94.2
124.3
130.3
94.3
124.4
130.4
94.4
124.5
130.5
94.5
124.6
130.6
94.6
124.7
130.7
94.7
124.8
130.8
94.8
124.9
130.9
94.9
125
131
95
125.1
131.1
95.1
125.2
131.2
95.2
125.3
131.3
95.3
125.4
131.4
95.4
125.5
131.5
95.5
125.6
131.6
95.6
125.7
131.7
95.7
125.8
131.8
95.8
125.9
131.9
95.9
126
132
96
126.1
132.1
96.1
126.2
132.2
96.2
126.3
132.3
96.3
126.4
132.4
96.4
126.5
132.5
96.5
126.6
132.6
96.6
126.7
132.7
96.7
126.8
132.8
96.8
126.9
132.9
96.9
127
133
97
127.1
133.1
97.1
127.2
133.2
97.2
127.3
133.3
97.3
127.4
133.4
97.4
127.5
133.5
97.5
127.6
133.6
97.6
127.7
133.7
97.7
127.8
133.8
97.8
127.9
133.9
97.9
128
134
98
128.1
134.1
98.1
128.2
134.2
98.2
128.3
134.3
98.3
128.4
134.4
98.4
128.5
134.5
98.5
128.6
134.6
98.6
128.7
134.7
98.7
128.8
134.8
98.8
128.9
134.9
98.9
129
135
99
129.1
135.1
99.1
129.2
135.2
99.2
129.3
135.3
99.3
129.4
135.4
99.4
129.5
135.5
99.5
129.6
135.6
99.6
129.7
135.7
99.7
129.8
135.8
99.8
129.9
135.9
99.9
130
136
100
130.1
136.1
100.1
130.2
136.2
100.2
130.3
136.3
100.3
130.4
136.4
100.4
130.5
136.5
100.5
130.6
136.6
100.6
130.7
136.7
100.7
130.8
136.8
100.8
130.9
136.9
100.9
131
137
101
131.1
137.1
101.1
131.2
137.2
101.2
131.3
137.3
101.3
131.4
137.4
101.4
131.5
137.5
101.5
131.6
137.6
101.6
131.7
137.7
101.7
131.8
137.8
101.8
131.9
137.9
101.9
132
138
102
132.1
138.1
102.1
132.2
138.2
102.2
132.3
138.3
102.3
132.4
138.4
102.4
132.5
138.5
102.5
132.6
138.6
102.6
132.7
138.7
102.7
132.8
138.8
102.8
132.9
138.9
102.9
133
139
103
133.1
139.1
103.1
133.2
139.2
103.2
133.3
139.3
103.3
133.4
139.4
103.4
133.5
139.5
103.5
133.6
139.6
103.6
133.7
139.7
103.7
133.8
139.8
103.8
133.9
139.9
103.9
134
140
104
134.1
140.1
104.1
134.2
140.2
104.2
134.3
140.3
104.3
134.4
140.4
104.4
134.5
140.5
104.5
134.6
140.6
104.6
134.7
140.7
104.7
134.8
140.8
104.8
134.9
140.9
104.9
135
141
105
135.1
141.1
105.1
135.2
141.2
105.2
135.3
141.3
105.3
135.4
141.4
105.4
135.5
141.5
105.5
135.6
141.6
105.6
135.7
141.7
105.7
135.8
141.8
105.8
135.9
141.9
105.9
136
142
106
136.1
142.1
106.1
136.2
142.2
106.2
136.3
142.3
106.3
136.4
142.4
106.4
136.5
142.5
106.5
136.6
142.6
106.6
136.7
142.7
106.7
136.8
142.8
106.8
136.9
142.9
106.9
137
143
107
137.1
143.1
107.1
137.2
143.2
107.2
137.3
143.3
107.3
137.4
143.4
107.4
137.5
143.5
107.5
137.6
143.6
107.6
137.7
143.7
107.7
137.8
143.8
107.8
137.9
143.9
107.9
138
144
108
138.1
144.1
108.1
138.2
144.2
108.2
138.3
144.3
108.3
138.4
144.4
108.4
138.5
144.5
108.5
138.6
144.6
108.6
138.7
144.7
108.7
138.8
144.8
108.8
138.9
144.9
108.9
139
145
109
139.1
145.1
109.1
139.2
145.2
109.2
139.3
145.3
109.3
139.4
145.4
109.4
139.5
145.5
109.5
139.6
145.6
109.6
139.7
145.7
109.7
139.8
145.8
109.8
139.9
145.9
109.9
140
146
110
140.1
146.1
110.1
140.2
146.2
110.2
140.3
146.3
110.3
140.4
146.4
110.4
140.5
146.5
110.5
140.6
146.6
110.6
140.7
146.7
110.7
140.8
146.8
110.8
140.9
146.9
110.9
141
147
111
141.1
147.1
111.1
141.2
147.2
111.2
141.3
147.3
111.3
141.4
147.4
111.4
141.5
147.5
111.5
141.6
147.6
111.6
141.7
147.7
111.7
141.8
147.8
111.8
141.9
147.9
111.9
142
148
112
142.1
148.1
112.1
142.2
148.2
112.2
142.3
148.3
112.3
142.4
148.4
112.4
142.5
148.5
112.5
142.6
148.6
112.6
142.7
148.7
112.7
142.8
148.8
112.8
142.9
148.9
112.9
143
149
113
143.1
149.1
113.1
143.2
149.2
113.2
143.3
149.3
113.3
143.4
149.4
113.4
143.5
149.5
113.5
143.6
149.6
113.6
143.7
149.7
113.7
143.8
149.8
113.8
143.9
149.9
113.9
144
150
114
144.1
150.1
114.1
144.2
150.2
114.2
144.3
150.3
114.3
144.4
150.4
114.4
144.5
150.5
114.5
144.6
150.6
114.6
144.7
150.7
114.7
144.8
150.8
114.8
144.9
150.9
114.9
145
151
115
145.1
151.1
115.1
145.2
151.2
115.2
145.3
151.3
115.3
145.4
151.4
115.4
145.5
151.5
115.5
145.6
151.6
115.6
145.7
151.7
115.7
145.8
151.8
115.8
145.9
151.9
115.9
146
152
116
146.1
152.1
116.1
146.2
152.2
116.2
146.3
152.3
116.3
146.4
152.4
116.4
146.5
152.5
116.5
146.6
152.6
116.6
146.7
152.7
116.7
146.8
152.8
116.8
146.9
152.9
116.9
147
153
117
147.1
153.1
117.1
147.2
153.2
117.2
147.3
153.3
117.3
147.4
153.4
117.4
147.5
153.5
117.5
147.6
153.6
117.6
147.7
153.7
117.7
147.8
153.8
117.8
147.9
153.9
117.9
148
154
118
148.1
154.1
118.1
148.2
154.2
118.2
148.3
154.3
118.3
148.4
154.4
118.4
148.5
154.5
118.5
148.6
154.6
118.6
148.7
154.7
118.7
148.8
154.8
118.8
148.9
154.9
118.9
149
155
119
149.1
155.1
119.1
149.2
155.2
119.2
149.3
155.3
119.3
149.4
155.4
119.4
149.5
155.5
119.5
149.6
155.6
119.6
149.7
155.7
119.7
149.8
155.8
119.8
149.9
155.9
119.9
150
156
120
150.1
156.1
120.1
150.2
156.2
120.2
150.3
156.3
120.3
150.4
156.4
120.4
150.5
156.5
120.5
150.6
156.6
120.6
150.7
156.7
120.7
150.8
156.8
120.8
150.9
156.9
120.9
151
157
121
151.1
157.1
121.1
151.2
157.2
121.2
151.3
157.3
121.3
151.4
157.4
121.4
151.5
157.5
121.5
151.6
157.6
121.6
151.7
157.7
121.7
151.8
157.8
121.8
151.9
157.9
121.9
152
158
122
152.1
158.1
122.1
152.2
158.2
122.2
152.3
158.3
122.3
152.4
158.4
122.4
152.5
158.5
122.5
152.6
158.6
122.6
152.7
158.7
122.7
152.8
158.8
122.8
152.9
158.9
122.9
153
159
123
153.1
159.1
123.1
153.2
159.2
123.2
153.3
159.3
123.3
153.4
159.4
123.4
153.5
159.5
123.5
153.6
159.6
123.6
153.7
159.7
123.7
153.8
159.8
123.8
153.9
159.9
123.9
154
160
124
154.1
160.1
124.1
154.2
160.2
124.2
154.3
160.3
124.3
154.4
160.4
124.4
154.5
160.5
124.5
154.6
160.6
124.6
154.7
160.7
124.7
154.8
160.8
124.8
154.9
160.9
124.9
155
161
125
155.1
161.1
125.1
155.2
161.2
125.2
155.3
161.3
125.3
155.4
161.4
125.4
155.5
161.5
125.5
155.6
161.6
125.6
155.7
161.7
125.7
155.8
161.8
125.8
155.9
161.9
125.9
156
162
126
156.1
162.1
126.1
156.2
162.2
126.2
156.3
162.3
126.3
156.4
162.4
126.4
156.5
162.5
126.5
156.6
162.6
126.6
156.7
162.7
126.7
156.8
162.8
126.8
156.9
162.9
126.9
157
163
127
157.1
163.1
127.1
157.2
163.2
127.2
157.3
163.3
127.3
157.4
163.4
127.4
157.5
163.5
127.5
157.6
163.6
127.6
157.7
163.7
127.7
157.8
163.8
127.8
157.9
163.9
127.9
158
164
128
158.1
164.1
128.1
158.2
164.2
128.2
158.3
164.3
128.3
158.4
164.4
128.4
158.5
164.5
128.5
158.6
164.6
128.6
158.7
164.7
128.7
158.8
164.8
128.8
158.9
164.9
128.9
159
165
129
159.1
165.1
129.1
159.2
165.2
129.2
159.3
165.3
129.3
159.4
165.4
129.4
159.5
165.5
129.5
159.6
165.6
129.6
159.7
165.7
129.7
159.8
165.8
129.8
159.9
165.9
129.9
160
166
130
160.1
166.1
130.1
160.2
166.2
130.2
160.3
166.3
130.3
160.4
166.4
130.4
160.5
166.5
130.5
160.6
166.6
130.6
160.7
166.7
130.7
160.8
166.8
130.8
160.9
166.9
130.9
161
167
131
161.1
167.1
131.1
161.2
167.2
131.2
161.3
167.3
131.3
161.4
167.4
131.4
161.5
167.5
131.5
161.6
167.6
131.6
161.7
167.7
131.7
161.8
167.8
131.8
161.9
167.9
131.9
162
168
132
162.1
168.1
132.1
162.2
168.2
132.2
162.3
168.3
132.3
162.4
168.4
132.4
162.5
168.5
132.5
162.6
168.6
132.6
162.7
168.7
132.7
162.8
168.8
132.8
162.9
168.9
132.9
163
169
133
163.1
169.1
133.1
163.2
169.2
133.2
163.3
169.3
133.3
163.4
169.4
133.4
163.5
169.5
133.5
163.6
169.6
133.6
163.7
169.7
133.7
163.8
169.8
133.8
163.9
169.9
133.9
164
170
134
164.1
170.1
134.1
164.2
170.2
134.2
164.3
170.3
134.3
164.4
170.4
134.4
164.5
170.5
134.5
164.6
170.6
134.6
164.7
170.7
134.7
164.8
170.8
134.8
164.9
170.9
134.9
165
171
135
165.1
171.1
135.1
165.2
171.2
135.2
165.3
171.3
135.3
165.4
171.4
135.4
165.5
171.5
135.5
165.6
171.6
135.6
165.7
171.7
135.7
165.8
171.8
135.8
165.9
171.9
135.9
166
172
136
166.1
172.1
136.1
166.2
172.2
136.2
166.3
172.3
136.3
166.4
172.4
136.4
166.5
172.5
136.5
166.6
172.6
136.6
166.7
172.7
136.7
166.8
172.8
136.8
166.9
172.9
136.9
167
173
137
167.1
173.1
137.1
167.2
173.2
137.2
167.3
173.3
137.3
167.4
173.4
137.4
167.5
173.5
137.5
167.6
173.6
137.6
167.7
173.7
137.7
167.8
173.8
137.8
167.9
173.9
137.9
168
174
138
168.1
174.1
138.1
168.2
174.2
138.2
168.3
174.3
138.3
168.4
174.4
138.4
168.5
174.5
138.5
168.6
174.6
138.6
168.7
174.7
138.7
168.8
174.8
138.8
168.9
174.9
138.9
169
175
139
169.1
175.1
139.1
169.2
175.2
139.2
169.3
175.3
139.3
169.4
175.4
139.4
169.5
175.5
139.5
169.6
175.6
139.6
169.7
175.7
139.7
169.8
175.8
139.8
169.9
175.9
139.9
170
176
140
170.1
176.1
140.1
170.2
176.2
140.2
170.3
176.3
140.3
170.4
176.4
140.4
170.5
176.5
140.5
170.6
176.6
140.6
170.7
176.7
140.7
170.8
176.8
140.8
170.9
176.9
140.9
171
177
141
171.1
177.1
141.1
171.2
177.2
141.2
171.3
177.3
141.3
171.4
177.4
141.4
171.5
177.5
141.5
171.6
177.6
141.6
171.7
177.7
141.7
171.8
177.8
141.8
171.9
177.9
141.9
172
178
142
172.1
178.1
142.1
172.2
178.2
142.2
172.3
178.3
142.3
172.4
178.4
142.4
172.5
178.5
142.5
172.6
178.6
142.6
172.7
178.7
142.7
172.8
178.8
142.8
172.9
178.9
142.9
173
179
143
173.1
179.1
143.1
173.2
179.2
143.2
173.3
179.3
143.3
173.4
179.4
143.4
173.5
179.5
143.5
173.6
179.6
143.6
173.7
179.7
143.7
173.8
179.8
143.8
173.9
179.9
143.9
174
180
144
174.1
180.1
144.1
174.2
180.2
144.2
174.3
180.3
144.3
174.4
180.4
144.4
174.5
180.5
144.5
174.6
180.6
144.6
174.7
180.7
144.7
174.8
180.8
144.8
174.9
180.9
144.9
175
181
145
175.1
181.1
145.1
175.2
181.2
145.2
175.3
181.3
145.3
175.4
181.4
145.4
175.5
181.5
145.5
175.6
181.6
145.6
175.7
181.7
145.7
175.8
181.8
145.8
175.9
181.9
145.9
176
182
146
176.1
182.1
146.1
176.2
182.2
146.2
176.3
182.3
146.3
176.4
182.4
146.4
176.5
182.5
146.5
176.6
182.6
146.6
176.7
182.7
146.7
176.8
182.8
146.8
176.9
182.9
146.9
177
183
147
177.1
183.1
147.1
177.2
183.2
147.2
177.3
183.3
147.3
177.4
183.4
147.4
177.5
183.5
147.5
177.6
183.6
147.6
177.7
183.7
147.7
177.8
183.8
147.8
177.9
183.9
147.9
178
184
148
178.1
184.1
148.1
178.2
184.2
148.2
178.3
184.3
148.3
178.4
184.4
148.4
178.5
184.5
148.5
178.6
184.6
148.6
178.7
184.7
148.7
178.8
184.8
148.8
178.9
184.9
148.9
179
185
149
179.1
185.1
149.1
179.2
185.2
149.2
179.3
185.3
149.3
179.4
185.4
149.4
179.5
185.5
149.5
179.6
185.6
149.6
179.7
185.7
149.7
179.8
185.8
149.8
179.9
185.9
149.9
180
186
150
180.1
186.1
150.1
180.2
186.2
150.2
180.3
186.3
150.3
180.4
186.4
150.4
180.5
186.5
150.5
180.6
186.6
150.6
180.7
186.7
150.7
180.8
186.8
150.8
180.9
186.9
150.9
181
187
151
181.1
187.1
151.1
181.2
187.2
151.2
181.3
187.3
151.3
181.4
187.4
151.4
181.5
187.5
151.5
181.6
187.6
151.6
181.7
187.7
151.7
181.8
187.8
151.8
181.9
187.9
151.9
182
188
152
182.1
188.1
152.1
182.2
188.2
152.2
182.3
188.3
152.3
182.4
188.4
152.4
182.5
188.5
152.5
182.6
188.6
152.6
182.7
188.7
152.7
182.8
188.8
152.8
182.9
188.9
152.9
183
189
153
183.1
189.1
153.1
183.2
189.2
153.2
183.3
189.3
153.3
183.4
189.4
153.4
183.5
189.5
153.5
183.6
189.6
153.6
183.7
189.7
153.7
183.8
189.8
153.8
183.9
189.9
153.9
184
190
154
184.1
190.1
154.1
184.2
190.2
154.2
184.3
190.3
154.3
184.4
190.4
154.4
184.5
190.5
154.5
184.6
190.6
154.6
184.7
190.7
154.7
184.8
190.8
154.8
184.9
190.9
154.9
185
191
155
185.1
191.1
155.1
185.2
191.2
155.2
185.3
191.3
155.3
185.4
191.4
155.4
185.5
191.5
155.5
185.6
191.6
155.6
185.7
191.7
155.7
185.8
191.8
155.8
185.9
191.9
155.9
186
192
156
186.1
192.1
156.1
186.2
192.2
156.2
186.3
192.3
156.3
186.4
192.4
156.4
186.5
192.5
156.5
186.6
192.6
156.6
186.7
192.7
156.7
186.8
192.8
156.8
186.9
192.9
156.9
187
193
157
187.1
193.1
157.1
187.2
193.2
157.2
187.3
193.3
157.3
187.4
193.4
157.4
187.5
193.5
157.5
187.6
193.6
157.6
187.7
193.7
157.7
187.8
193.8
157.8
187.9
193.9
157.9
188
194
158
188.1
194.1
158.1
188.2
194.2
158.2
188.3
194.3
158.3
188.4
194.4
158.4
188.5
194.5
158.5
188.6
194.6
158.6
188.7
194.7
158.7
188.8
194.8
158.8
188.9
194.9
158.9
189
195
159
189.1
195.1
159.1
189.2
195.2
159.2
189.3
195.3
159.3
189.4
195.4
159.4
189.5
195.5
159.5
189.6
195.6
159.6
189.7
195.7
159.7
189.8
195.8
159.8
189.9
195.9
159.9
190
196
160
190.1
196.1
160.1
190.2
196.2
160.2
190.3
196.3
160.3
190.4
196.4
160.4
190.5
196.5
160.5
190.6
196.6
160.6
190.7
196.7
160.7
190.8
196.8
160.8
190.9
196.9
160.9
191
197
161
191.1
197.1
161.1
191.2
197.2
161.2
191.3
197.3
161.3
191.4
197.4
161.4
191.5
197.5
161.5
191.6
197.6
161.6
191.7
197.7
161.7
191.8
197.8
161.8
191.9
197.9
161.9
192
198
162
192.1
198.1
162.1
192.2
198.2
162.2
192.3
198.3
162.3
192.4
198.4
162.4
192.5
198.5
162.5
192.6
198.6
162.6
192.7
198.7
162.7
192.8
198.8
162.8
192.9
198.9
162.9
193
199
163
193.1
199.1
163.1
193.2
199.2
163.2
193.3
199.3
163.3
193.4
199.4
163.4
193.5
199.5
163.5
193.6
199.6
163.6
193.7
199.7
163.7
193.8
199.8
163.8
193.9
199.9
163.9
194
200
164
194.1
200.1
164.1
194.2
200.2
164.2
194.3
200.3
164.3
194.4
200.4
164.4
194.5
200.5
164.5
194.6
200.6
164.6
194.7
200.7
164.7
194.8
200.8
164.8
194.9
200.9
164.9
195
201
165
195.1
201.1
165.1
195.2
201.2
165.2
195.3
201.3
165.3
195.4
201.4
165.4
195.5
201.5
165.5
195.6
201.6
165.6
195.7
201.7
165.7
195.8
201.8
165.8
195.9
201.9
165.9
196
202
166
196.1
202.1
166.1
196.2
202.2
166.2
196.3
202.3
166.3
196.4
202.4
166.4
196.5
202.5
166.5
196.6
202.6
166.6
196.7
202.7
166.7
196.8
202.8
166.8
196.9
202.9
166.9
197
203
167
197.1
203.1
167.1
197.2
203.2
167.2
197.3
203.3
167.3
197.4
203.4
167.4
197.5
203.5
167.5
197.6
203.6
167.6
197.7
203.7
167.7
197.8
203.8
167.8
197.9
203.9
167.9
198
204
168
198.1
204.1
168.1
198.2
204.2
168.2
198.3
204.3
168.3
198.4
204.4
168.4
198.5
204.5
168.5
198.6
204.6
168.6
198.7
204.7
168.7
198.8
204.8
168.8
198.9
204.9
168.9
199
205
169
199.1
205.1
169.1
199.2
205.2
169.2
199.3
205.3
169.3
199.4
205.4
169.4
199.5
205.5
169.5
199.6
205.6
169.6
199.7
205.7
169.7
199.8
205.8
169.8
199.9
205.9
169.9
200
206
170
200.1
206.1
170.1
200.2
206.2
170.2
200.3
206.3
170.3
200.4
206.4
170.4
200.5
206.5
170.5
200.6
206.6
170.6
200.7
206.7
170.7
200.8
206.8
170.8
200.9
206.9
170.9
201
207
171
201.1
207.1
171.1
201.2
207.2
171.2
201.3
207.3
171.3
201.4
207.4
171.4
201.5
207.5
171.5
201.6
207.6
171.6
201.7
207.7
171.7
201.8
207.8
171.8
201.9
207.9
171.9
202
208
172
202.1
208.1
172.1
202.2
208.2
172.2
202.3
208.3
172.3
202.4
208.4
172.4
202.5
208.5
172.5
202.6
208.6
172.6
202.7
208.7
172.7
202.8
208.8
172.8
202.9
208.9
172.9
203
209
173
203.1
209.1
173.1
203.2
209.2
173.2
203.3
209.3
173.3
203.4
209.4
173.4
203.5
209.5
173.5
203.6
209.6
173.6
203.7
209.7
173.7
203.8
209.8
173.8
203.9
209.9
173.9
204
210
174
204.1
210.1
174.1
204.2
210.2
174.2
204.3
210.3
174.3
204.4
210.4
174.4
204.5
210.5
174.5
204.6
210.6
174.6
204.7
210.7
174.7
204.8
210.8
174.8
204.9
210.9
174.9
205
211
175
205.1
211.1
175.1
205.2
211.2
175.2
205.3
211.3
175.3
205.4
211.4
175.4
205.5
211.5
175.5
205.6
211.6
175.6
205.7
211.7
175.7
205.8
211.8
175.8
205.9
211.9
175.9
206
212
176
206.1
212.1
176.1
206.2
212.2
176.2
206.3
212.3
176.3
206.4
212.4
176.4
206.5
212.5
176.5
206.6
212.6
176.6
206.7
212.7
176.7
206.8
212.8
176.8
206.9
212.9
176.9
207
213
177
207.1
213.1
177.1
207.2
213.2
177.2
207.3
213.3
177.3
207.4
213.4
177.4
207.5
213.5
177.5
207.6
213.6
177.6
207.7
213.7
177.7
207.8
213.8
177.8
207.9
213.9
177.9
208
214
178
208.1
214.1
178.1
208.2
214.2
178.2
208.3
214.3
178.3
208.4
214.4
178.4
208.5
214.5
178.5
208.6
214.6
178.6
208.7
214.7
178.7
208.8
214.8
178.8
208.9
214.9
178.9
209
215
179
209.1
215.1
179.1
209.2
215.2
179.2
209.3
215.3
179.3
209.4
215.4
179.4
209.5
215.5
179.5
209.6
215.6
179.6
209.7
215.7
179.7
209.8
215.8
179.8
209.9
215.9
179.9
210
216
180
210.1
216.1
180.1
210.2
216.2
180.2
210.3
216.3
180.3
210.4
216.4
180.4
210.5
216.5
180.5
210.6
216.6
180.6
210.7
216.7
180.7
210.8
216.8
180.8
210.9
216.9
180.9
211
217
181
211.1
217.1
181.1
211.2
217.2
181.2
211.3
217.3
181.3
211.4
217.4
181.4
211.5
217.5
181.5
211.6
217.6
181.6
211.7
217.7
181.7
211.8
217.8
181.8
211.9
217.9
181.9
212
218
182
212.1
218.1
182.1
212.2
218.2
182.2
212.3
218.3
182.3
212.4
218.4
182.4
212.5
218.5
182.5
212.6
218.6
182.6
212.7
218.7
182.7
212.8
218.8
182.8
212.9
218.9
182.9
213
219
183
213.1
219.1
183.1
213.2
219.2
183.2
213.3
219.3
183.3
213.4
219.4
183.4
213.5
219.5
183.5
213.6
219.6
183.6
213.7
219.7
183.7
213.8
219.8
183.8
213.9
219.9
183.9
214
220
184
214.1
220.1
184.1
214.2
220.2
184.2
214.3
220.3
184.3
214.4
220.4
184.4
214.5
220.5
184.5
214.6
220.6
184.6
214.7
220.7
184.7
214.8
220.8
184.8
214.9
220.9
184.9
215
221
185
215.1
221.1
185.1
215.2
221.2
185.2
215.3
221.3
185.3
215.4
221.4
185.4
215.5
221.5
185.5
215.6
221.6
185.6
215.7
221.7
185.7
215.8
221.8
185.8
215.9
221.9
185.9
216
222
186
216.1
222.1
186.1
216.2
222.2
186.2
216.3
222.3
186.3
216.4
222.4
186.4
216.5
222.5
186.5
216.6
222.6
186.6
216.7
222.7
186.7
216.8
222.8
186.8
216.9
222.9
186.9
217
223
187
217.1
223.1
187.1
217.2
223.2
187.2
217.3
223.3
187.3
217.4
223.4
187.4
217.5
223.5
187.5
217.6
223.6
187.6
217.7
223.7
187.7
217.8
223.8
187.8
217.9
223.9
187.9
218
224
188
218.1
224.1
188.1
218.2
224.2
188.2
218.3
224.3
188.3
218.4
224.4
188.4
218.5
224.5
188.5
218.6
224.6
188.6
218.7
224.7
188.7
218.8
224.8
188.8
218.9
224.9
188.9
219
225
189
219.1
225.1
189.1
219.2
225.2
189.2
219.3
225.3
189.3
219.4
225.4
189.4
219.5
225.5
189.5
219.6
225.6
189.6
219.7
225.7
189.7
219.8
225.8
189.8
219.9
225.9
189.9
220
226
190
220.1
226.1
190.1
220.2
226.2
190.2
220.3
226.3
190.3
220.4
226.4
190.4
220.5
226.5
190.5
220.6
226.6
190.6
220.7
226.7
190.7
220.8
226.8
190.8
220.9
226.9
190.9
221
227
191
221.1
227.1
191.1
221.2
227.2
191.2
221.3
227.3
191.3
221.4
227.4
191.4
221.5
227.5
191.5
221.6
227.6
191.6
221.7
227.7
191.7
221.8
227.8
191.8
221.9
227.9
191.9
222
228
192
222.1
228.1
192.1
222.2
228.2
192.2
222.3
228.3
192.3
222.4
228.4
192.4
222.5
228.5
192.5
222.6
228.6
192.6
222.7
228.7
192.7
222.8
228.8
192.8
222.9
228.9
192.9
223
229
193
223.1
229.1
193.1
223.2
229.2
193.2
223.3
229.3
193.3
223.4
229.4
193.4
223.5
229.5
193.5
223.6
229.6
193.6
223.7
229.7
193.7
223.8
229.8
193.8
223.9
229.9
193.9
224
230
194
224.1
230.1
194.1
224.2
230.2
194.2
224.3
230.3
194.3
224.4
230.4
194.4
224.5
230.5
194.5
224.6
230.6
194.6
224.7
230.7
194.7
224.8
230.8
194.8
224.9
230.9
194.9
225
231
195
225.1
231.1
195.1
225.2
231.2
195.2
225.3
231.3
195.3
225.4
231.4
195.4
225.5
231.5
195.5
225.6
231.6
195.6
225.7
231.7
195.7
225.8
231.8
195.8
225.9
231.9
195.9
226
232
196
226.1
232.1
196.1
226.2
232.2
196.2
226.3
232.3
196.3
226.4
232.4
196.4
226.5
232.5
196.5
226.6
232.6
196.6
226.7
232.7
196.7
226.8
232.8
196.8
226.9
232.9
196.9
227
233
197
227.1
233.1
197.1
227.2
233.2
197.2
227.3
233.3
197.3
227.4
233.4
197.4
227.5
233.5
197.5
227.6
233.6
197.6
227.7
233.7
197.7
227.8
233.8
197.8
227.9
233.9
197.9
228
234
198
228.1
234.1
198.1
228.2
234.2
198.2
228.3
234.3
198.3
228.4
234.4
198.4
228.5
234.5
198.5
228.6
234.6
198.6
228.7
234.7
198.7
228.8
234.8
198.8
228.9
234.9
198.9
229
235
199
229.1
235.1
199.1
229.2
235.2
199.2
229.3
235.3
199.3
229.4
235.4
199.4
229.5
235.5
199.5
229.6
235.6
199.6
229.7
235.7
199.7
229.8
235.8
199.8
229.9
235.9
199.9
230
236
200
230.1
236.1
200.1
230.2
236.2
200.2
230.3
236.3
200.3
230.4
236.4
200.4
230.5
236.5
200.5
230.6
236.6
200.6
230.7
236.7
200.7
230.8
236.8
200.8
230.9
236.9
200.9
231
237
201
231.1
237.1
201.1
231.2
237.2
201.2
231.3
237.3
201.3
231.4
237.4
201.4
231.5
237.5
201.5
231.6
237.6
201.6
231.7
237.7
201.7
231.8
237.8
201.8
231.9
237.9
201.9
232
238
202
232.1
238.1
202.1
232.2
238.2
202.2
232.3
238.3
202.3
232.4
238.4
202.4
232.5
238.5
202.5
232.6
238.6
202.6
232.7
238.7
202.7
232.8
238.8
202.8
232.9
238.9
202.9
233
239
203
233.1
239.1
203.1
233.2
239.2
203.2
233.3
239.3
203.3
233.4
239.4
203.4
233.5
239.5
203.5
233.6
239.6
203.6
233.7
239.7
203.7
233.8
239.8
203.8
233.9
239.9
203.9
234
240
204
234.1
240.1
204.1
234.2
240.2
204.2
234.3
240.3
204.3
234.4
240.4
204.4
234.5
240.5
204.5
234.6
240.6
204.6
234.7
240.7
204.7
234.8
240.8
204.8
234.9
240.9
204.9
235
241
205
235.1
241.1
205.1
235.2
241.2
205.2
235.3
241.3
205.3
235.4
241.4
205.4
235.5
241.5
205.5
235.6
241.6
205.6
235.7
241.7
205.7
235.8
241.8
205.8
235.9
241.9
205.9
236
242
206
236.1
242.1
206.1
236.2
242.2
206.2
236.3
242.3
206.3
236.4
242.4
206.4
236.5
242.5
206.5
236.6
242.6
206.6
236.7
242.7
206.7
236.8
242.8
206.8
236.9
242.9
206.9
237
243
207
237.1
243.1
207.1
237.2
243.2
207.2
237.3
243.3
207.3
237.4
243.4
207.4
237.5
243.5
207.5
237.6
243.6
207.6
237.7
243.7
207.7
237.8
243.8
207.8
237.9
243.9
207.9
238
244
208
238.1
244.1
208.1
238.2
244.2
208.2
238.3
244.3
208.3
238.4
244.4
208.4
238.5
244.5
208.5
238.6
244.6
208.6
238.7
244.7
208.7
238.8
244.8
208.8
238.9
244.9
208.9
239
245
209
239.1
245.1
209.1
239.2
245.2
209.2
239.3
245.3
209.3
239.4
245.4
209.4
239.5
245.5
209.5
239.6
245.6
209.6
239.7
245.7
209.7
239.8
245.8
209.8
239.9
245.9
209.9
240
246
210
240.1
246.1
210.1
240.2
246.2
210.2
240.3
246.3
210.3
240.4
246.4
210.4
240.5
246.5
210.5
240.6
246.6
210.6
240.7
246.7
210.7
240.8
246.8
210.8
240.9
246.9
210.9
241
247
211
241.1
247.1
211.1
241.2
247.2
211.2
241.3
247.3
211.3
241.4
247.4
211.4
241.5
247.5
211.5
241.6
247.6
211.6
241.7
247.7
211.7
241.8
247.8
211.8
241.9
247.9
211.9
242
248
212
242.1
248.1
212.1
242.2
248.2
212.2
242.3
248.3
212.3
242.4
248.4
212.4
242.5
248.5
212.5
242.6
248.6
212.6
242.7
248.7
212.7
242.8
248.8
212.8
242.9
248.9
212.9
243
249
213
243.1
249.1
213.1
243.2
249.2
213.2
243.3
249.3
213.3
243.4
249.4
213.4
243.5
249.5
213.5
243.6
249.6
213.6
243.7
249.7
213.7
243.8
249.8
213.8
243.9
249.9
213.9
244
250
214
244.1
250.1
214.1
244.2
250.2
214.2
244.3
250.3
214.3
244.4
250.4
214.4
244.5
250.5
214.5
244.6
250.6
214.6
244.7
250.7
214.7
244.8
250.8
214.8
244.9
250.9
214.9
245
251
215
245.1
251.1
215.1
245.2
251.2
215.2
245.3
251.3
215.3
245.4
251.4
215.4
245.5
251.5
215.5
245.6
251.6
215.6
245.7
251.7
215.7
245.8
251.8
215.8
245.9
251.9
215.9
246
252
216
246.1
252.1
216.1
246.2
252.2
216.2
246.3
252.3
216.3
246.4
252.4
216.4
246.5
252.5
216.5
246.6
252.6
216.6
246.7
252.7
216.7
246.8
252.8
216.8
246.9
252.9
216.9
247
253
217
247.1
253.1
217.1
247.2
253.2
217.2
247.3
253.3
217.3
247.4
253.4
217.4
247.5
253.5
217.5
247.6
253.6
217.6
247.7
253.7
217.7
247.8
253.8
217.8
247.9
253.9
217.9
248
254
218
248.1
254.1
218.1
248.2
254.2
218.2
248.3
254.3
218.3
248.4
254.4
218.4
248.5
254.5
218.5
248.6
254.6
218.6
248.7
254.7
218.7
248.8
254.8
218.8
248.9
254.9
218.9
249
255
219
249.1
255.1
219.1
249.2
255.2
219.2
249.3
255.3
219.3
249.4
255.4
219.4
249.5
255.5
219.5
249.6
255.6
219.6
249.7
255.7
219.7
249.8
255.8
219.8
249.9
255.9
219.9
250
256
220
250.1
256.1
220.1
250.2
256.2
220.2
250.3
256.3
220.3
250.4
256.4
220.4
250.5
256.5
220.5
250.6
256.6
220.6
250.7
256.7
220.7
250.8
256.8
220.8
250.9
256.9
220.9
251
257
221
251.1
257.1
221.1
251.2
257.2
221.2
251.3
257.3
221.3
251.4
257.4
221.4
251.5
257.5
221.5
251.6
257.6
221.6
251.7
257.7
221.7
251.8
257.8
221.8
251.9
257.9
221.9
252
258
222
252.1
258.1
222.1
252.2
258.2
222.2
252.3
258.3
222.3
252.4
258.4
222.4
252.5
258.5
222.5
252.6
258.6
222.6
252.7
258.7
222.7
252.8
258.8
222.8
252.9
258.9
222.9
253
259
223
253.1
259.1
223.1
253.2
259.2
223.2
253.3
259.3
223.3
253.4
259.4
223.4
253.5
259.5
223.5
253.6
259.6
223.6
253.7
259.7
223.7
253.8
259.8
223.8
253.9
259.9
223.9
254
260
224
254.1
260.1
224.1
254.2
260.2
224.2
254.3
260.3
224.3
254.4
260.4
224.4
254.5
260.5
224.5
254.6
260.6
224.6
254.7
260.7
224.7
254.8
260.8
224.8
254.9
260.9
224.9
255
261
225
255.1
261.1
225.1
255.2
261.2
225.2
255.3
261.3
225.3
255.4
261.4
225.4
255.5
261.5
225.5
255.6
261.6
225.6
255.7
261.7
225.7
255.8
261.8
225.8
255.9
261.9
225.9
256
262
226
256.1
262.1
226.1
256.2
262.2
226.2
256.3
262.3
226.3
256.4
262.4
226.4
256.5
262.5
226.5
256.6
262.6
226.6
256.7
262.7
226.7
256.8
262.8
226.8
256.9
262.9
226.9
257
263
227
257.1
263.1
227.1
257.2
263.2
227.2
257.3
263.3
227.3
257.4
263.4
227.4
257.5
263.5
227.5
257.6
263.6
227.6
257.7
263.7
227.7
257.8
263.8
227.8
257.9
263.9
227.9
258
264
228
258.1
264.1
228.1
258.2
264.2
228.2
258.3
264.3
228.3
258.4
264.4
228.4
258.5
264.5
228.5
258.6
264.6
228.6
258.7
264.7
228.7
258.8
264.8
228.8
258.9
264.9
228.9
259
265
229
259.1
265.1
229.1
259.2
265.2
229.2
259.3
265.3
229.3
259.4
265.4
229.4
259.5
265.5
229.5
259.6
265.6
229.6
259.7
265.7
229.7
259.8
265.8
229.8
259.9
265.9
229.9
260
266
230
260.1
266.1
230.1
260.2
266.2
230.2
260.3
266.3
230.3
260.4
266.4
230.4
260.5
266.5
230.5
260.6
266.6
230.6
260.7
266.7
230.7
260.8
266.8
230.8
260.9
266.9
230.9
261
267
231
261.1
267.1
231.1
261.2
267.2
231.2
261.3
267.3
231.3
261.4
267.4
231.4
261.5
267.5
231.5
261.6
267.6
231.6
261.7
267.7
231.7
261.8
267.8
231.8
261.9
267.9
231.9
262
268
232
262.1
268.1
232.1
262.2
268.2
232.2
262.3
268.3
232.3
262.4
268.4
232.4
262.5
268.5
232.5
262.6
268.6
232.6
262.7
268.7
232.7
262.8
268.8
232.8
262.9
268.9
232.9
263
269
233
263.1
269.1
233.1
263.2
269.2
233.2
263.3
269.3
233.3
263.4
269.4
233.4
263.5
269.5
233.5
263.6
269.6
233.6
263.7
269.7
233.7
263.8
269.8
233.8
263.9
269.9
233.9
264
270
234
264.1
270.1
234.1
264.2
270.2
234.2
264.3
270.3
234.3
264.4
270.4
234.4
264.5
270.5
234.5
264.6
270.6
234.6
264.7
270.7
234.7
264.8
270.8
234.8
264.9
270.9
234.9
265
271
235
265.1
271.1
235.1
265.2
271.2
235.2
265.3
271.3
235.3
265.4
271.4
235.4
265.5
271.5
235.5
265.6
271.6
235.6
265.7
271.7
235.7
265.8
271.8
235.8
265.9
271.9
235.9
266
272
236
266.1
272.1
236.1
266.2
272.2
236.2
266.3
272.3
236.3
266.4
272.4
236.4
266.5
272.5
236.5
266.6
272.6
236.6
266.7
272.7
236.7
266.8
272.8
236.8
266.9
272.9
236.9
267
273
237
267.1
273.1
237.1
267.2
273.2
237.2
267.3
273.3
237.3
267.4
273.4
237.4
267.5
273.5
237.5
267.6
273.6
237.6
267.7
273.7
237.7
267.8
273.8
237.8
267.9
273.9
237.9
268
274
238
268.1
274.1
238.1
268.2
274.2
238.2
268.3
274.3
238.3
268.4
274.4
238.4
268.5
274.5
238.5
268.6
274.6
